# LAT LON CSC PCC PCN MEM STO T_p
1 44.627679 10.905275 0.00153 3.0 10 47.698919 455.763633 4.166667
2 44.645212 10.845204 0.00153 3.0 10 34.786923 761.350497 4.166667
3 44.636184 10.894112 0.00085 1.6 2 101.995317 242.861930 7.812500
4 44.657989 10.915088 0.00138 3.0 8 103.035935 641.280905 4.166667
5 44.737869 10.927290 0.00153 3.0 10 93.703521 746.734692 4.166667
6 44.644980 10.935084 0.00121 2.9 6 82.697818 414.198934 4.310345
7 44.663952 10.925380 0.00153 3.0 10 42.179888 218.402708 4.166667
8 44.643388 10.930879 0.00097 2.3 4 46.318658 807.063605 5.434783
9 44.660017 10.922206 0.00138 3.0 8 44.149605 65.170870 4.166667
10 44.549887 10.943770 0.00153 3.0 10 84.847688 18.302700 4.166667
11 44.535392 10.795644 0.00085 1.6 2 76.770989 137.257479 7.812500
12 44.636083 10.908446 0.00153 3.0 10 50.506219 968.148382 4.166667
13 44.644655 10.914930 0.00153 3.0 10 48.443085 213.317472 4.166667
14 44.577738 10.839587 0.00138 3.0 8 119.602183 141.147709 4.166667
15 44.660125 10.884774 0.00138 3.0 8 60.722062 40.131430 4.166667
16 44.642818 10.895363 0.00085 1.6 2 32.251354 944.455394 7.812500
17 44.553794 10.778387 0.00121 2.9 6 93.728637 258.725315 4.310345
18 44.741874 10.923151 0.00097 2.3 4 30.128612 691.373161 5.434783
19 44.627163 10.938222 0.00153 3.0 10 93.649093 546.591122 4.166667
20 44.642706 10.890372 0.00121 2.9 6 108.256797 959.937499 4.310345
21 44.640622 10.969588 0.00121 2.9 6 71.400737 180.362734 4.310345
22 44.618301 10.825300 0.00097 2.3 4 23.246737 147.614886 5.434783
23 44.657179 10.898772 0.00138 3.0 8 61.991639 835.973427 4.166667
24 44.629848 10.936623 0.00138 3.0 8 8.240826 595.644257 4.166667
25 44.603185 10.969607 0.00153 3.0 10 64.447380 253.110638 4.166667
26 44.884673 11.069750 0.00138 3.0 8 12.176782 400.162291 4.166667
27 44.625376 10.918105 0.00138 3.0 8 79.127786 258.164017 4.166667
28 44.642795 10.939353 0.00138 3.0 8 51.466555 59.959076 4.166667
29 44.649701 10.892467 0.00085 1.6 2 107.065083 554.040514 7.812500
30 44.637655 10.924026 0.00153 3.0 10 28.220406 509.868063 4.166667
31 44.685437 10.894296 0.00121 2.9 6 68.370779 331.405029 4.310345
32 44.642547 10.944128 0.00121 2.9 6 66.852463 663.634316 4.310345
33 44.629040 10.975422 0.00121 2.9 6 71.895279 198.618326 4.310345
34 44.630032 10.960077 0.00085 1.6 2 50.438968 805.140316 7.812500
35 44.637512 10.954229 0.00097 2.3 4 103.454409 266.188767 5.434783
36 44.642593 10.930274 0.00121 2.9 6 83.776753 390.077087 4.310345
37 44.662683 10.962235 0.00138 3.0 8 39.085212 307.654903 4.166667
38 44.631776 10.905878 0.00153 3.0 10 13.338541 887.898969 4.166667
39 44.544092 10.778658 0.00097 2.3 4 99.196930 245.108756 5.434783
40 44.613096 10.935387 0.00138 3.0 8 29.039923 781.797451 4.166667
41 44.741668 10.925969 0.00153 3.0 10 117.710502 777.913950 4.166667
42 44.622677 10.912607 0.00121 2.9 6 107.807829 396.163395 4.310345
43 44.651003 10.935226 0.00138 3.0 8 92.903728 872.704482 4.166667
44 44.652821 10.904157 0.00138 3.0 8 76.694043 829.218615 4.166667
45 44.625540 10.960703 0.00085 1.6 2 75.431193 47.542148 7.812500
46 44.624342 10.909513 0.00153 3.0 10 99.367626 952.347924 4.166667
47 44.611628 10.934530 0.00121 2.9 6 83.865064 393.951383 4.310345
48 44.622497 10.943233 0.00138 3.0 8 16.602182 993.949502 4.166667
49 44.627686 10.935059 0.00153 3.0 10 42.283565 76.532809 4.166667
50 44.620104 10.931738 0.00153 3.0 10 18.882246 624.561414 4.166667
51 44.640614 10.915871 0.00085 1.6 2 52.675629 834.589489 7.812500
52 44.630068 10.924922 0.00153 3.0 10 65.612580 369.158733 4.166667
53 44.656872 10.892369 0.00153 3.0 10 75.318490 806.022655 4.166667
54 44.646006 10.887044 0.00138 3.0 8 9.551718 512.567593 4.166667
55 44.638034 10.938759 0.00153 3.0 10 79.709608 290.361919 4.166667
56 44.660255 10.898333 0.00097 2.3 4 85.107854 323.903005 5.434783
57 44.625999 10.946590 0.00097 2.3 4 102.664491 739.920404 5.434783
58 44.642136 10.927896 0.00085 1.6 2 6.867001 681.151447 7.812500
59 44.631721 10.885032 0.00121 2.9 6 35.175673 464.724032 4.310345
60 44.663518 10.895345 0.00085 1.6 2 71.152824 540.905104 7.812500
61 44.635874 10.917106 0.00138 3.0 8 27.086220 510.425608 4.166667
62 44.656358 10.944253 0.00085 1.6 2 95.653899 27.123645 7.812500
63 44.631143 10.904487 0.00121 2.9 6 122.539758 287.773347 4.310345
64 44.616463 10.925836 0.00121 2.9 6 101.290272 510.341266 4.310345
65 44.542902 10.955749 0.00138 3.0 8 77.661548 956.147666 4.166667
66 44.641705 10.908636 0.00097 2.3 4 102.595251 863.245247 5.434783
67 44.649994 10.899677 0.00138 3.0 8 107.391635 131.560510 4.166667
68 44.653862 10.917182 0.00097 2.3 4 100.166976 126.354832 5.434783
69 44.640921 10.807400 0.00121 2.9 6 18.915404 783.348095 4.310345
70 44.649488 10.936277 0.00097 2.3 4 48.093949 60.723421 5.434783
71 44.635793 10.865473 0.00085 1.6 2 79.208986 228.796152 7.812500
72 44.657218 10.899983 0.00153 3.0 10 87.685967 198.634074 4.166667
73 44.666175 10.931018 0.00153 3.0 10 8.745022 949.294891 4.166667
74 44.649191 10.924138 0.00097 2.3 4 90.025104 70.181752 5.434783
75 44.639842 10.839160 0.00138 3.0 8 70.566150 976.691669 4.166667
76 44.525564 10.892628 0.00153 3.0 10 118.896871 286.070507 4.166667
77 44.703144 10.949882 0.00121 2.9 6 91.708426 627.689857 4.310345
78 44.673521 10.912881 0.00138 3.0 8 6.904358 920.905421 4.166667
79 44.586573 10.932468 0.00138 3.0 8 122.136728 291.863634 4.166667
80 44.702964 10.952230 0.00138 3.0 8 107.709792 774.208504 4.166667
81 44.628158 10.917498 0.00138 3.0 8 27.289620 827.407558 4.166667
82 44.630239 10.974414 0.00085 1.6 2 72.957120 420.140035 7.812500
83 44.632309 10.922486 0.00097 2.3 4 18.558085 430.731251 5.434783
84 44.648502 10.921246 0.00085 1.6 2 105.349709 143.028349 7.812500
85 44.577643 10.942655 0.00121 2.9 6 14.574934 33.587606 4.310345
86 44.629978 10.935538 0.00085 1.6 2 102.899310 571.813133 7.812500
87 44.666018 10.943080 0.00153 3.0 10 113.455587 109.280804 4.166667
88 44.627177 10.925131 0.00097 2.3 4 70.304871 939.660518 5.434783
89 44.661654 10.965658 0.00121 2.9 6 32.833833 935.626725 4.310345
90 44.631943 10.934245 0.00085 1.6 2 13.760543 281.373219 7.812500
91 44.640595 10.919339 0.00085 1.6 2 98.187570 15.466562 7.812500
92 44.636726 10.941892 0.00085 1.6 2 22.490039 30.658884 7.812500
93 44.637412 10.941054 0.00085 1.6 2 72.470361 169.975101 7.812500
94 44.664245 10.858545 0.00138 3.0 8 97.050211 306.593471 4.166667
95 44.643166 10.932873 0.00153 3.0 10 3.632477 640.857871 4.166667
96 44.650069 10.903798 0.00085 1.6 2 95.725163 87.107069 7.812500
97 44.631015 10.917223 0.00153 3.0 10 71.098999 224.822247 4.166667
98 44.646281 10.843797 0.00121 2.9 6 76.188969 454.013107 4.310345
99 44.651873 10.918554 0.00085 1.6 2 37.311902 60.798499 7.812500
100 44.588209 10.970924 0.00097 2.3 4 18.200421 974.851083 5.434783