# LAT LON CSC PCC PCN MEM STO T_p
1 44.627679 10.905275 0.00121 2.9 6 124.551016 719.442634 4.310345
2 44.645212 10.845204 0.00138 3.0 8 67.353917 886.714959 4.166667
3 44.636184 10.894112 0.00085 1.6 2 79.845557 126.427538 7.812500
4 44.657989 10.915088 0.00085 1.6 2 33.104949 239.308605 7.812500
5 44.737869 10.927290 0.00153 3.0 10 16.408769 390.013444 4.166667
6 44.644980 10.935084 0.00138 3.0 8 52.607281 999.457064 4.166667
7 44.663952 10.925380 0.00097 2.3 4 42.287196 726.086941 5.434783
8 44.643388 10.930879 0.00138 3.0 8 98.083458 169.755539 4.166667
9 44.660017 10.922206 0.00138 3.0 8 57.655440 494.254107 4.166667
10 44.549887 10.943770 0.00085 1.6 2 9.452649 213.488168 7.812500
11 44.535392 10.795644 0.00138 3.0 8 36.692882 619.600772 4.166667
12 44.636083 10.908446 0.00097 2.3 4 22.019614 971.928810 5.434783
13 44.644655 10.914930 0.00085 1.6 2 70.791540 46.770150 7.812500
14 44.577738 10.839587 0.00121 2.9 6 63.004417 813.095385 4.310345
15 44.660125 10.884774 0.00138 3.0 8 53.921524 41.841614 4.166667
16 44.642818 10.895363 0.00085 1.6 2 34.007274 244.360155 7.812500
17 44.553794 10.778387 0.00138 3.0 8 44.023330 621.092516 4.166667
18 44.741874 10.923151 0.00138 3.0 8 93.150453 822.225906 4.166667
19 44.627163 10.938222 0.00121 2.9 6 106.335739 947.367460 4.310345
20 44.642706 10.890372 0.00138 3.0 8 119.279051 870.826040 4.166667
21 44.640622 10.969588 0.00121 2.9 6 34.430902 48.452066 4.310345
22 44.618301 10.825300 0.00138 3.0 8 31.436286 539.532105 4.166667
23 44.657179 10.898772 0.00138 3.0 8 96.904334 948.857120 4.166667
24 44.629848 10.936623 0.00085 1.6 2 64.778070 353.081060 7.812500
25 44.603185 10.969607 0.00138 3.0 8 3.594700 150.948065 4.166667
26 44.884673 11.069750 0.00138 3.0 8 30.615640 973.928830 4.166667
27 44.625376 10.918105 0.00153 3.0 10 85.939675 770.086402 4.166667
28 44.642795 10.939353 0.00097 2.3 4 93.986738 120.649223 5.434783
29 44.649701 10.892467 0.00097 2.3 4 119.451011 197.258462 5.434783
30 44.637655 10.924026 0.00121 2.9 6 31.976355 403.609207 4.310345
31 44.685437 10.894296 0.00097 2.3 4 30.309657 145.025418 5.434783
32 44.642547 10.944128 0.00121 2.9 6 28.676444 284.359085 4.310345
33 44.629040 10.975422 0.00138 3.0 8 92.976076 831.881711 4.166667
34 44.630032 10.960077 0.00085 1.6 2 65.092814 672.653352 7.812500
35 44.637512 10.954229 0.00138 3.0 8 109.112043 301.816210 4.166667
36 44.642593 10.930274 0.00085 1.6 2 9.313127 476.882521 7.812500
37 44.662683 10.962235 0.00097 2.3 4 110.785817 758.675750 5.434783
38 44.631776 10.905878 0.00138 3.0 8 90.905472 295.621498 4.166667
39 44.544092 10.778658 0.00153 3.0 10 56.662210 269.449894 4.166667
40 44.613096 10.935387 0.00097 2.3 4 76.704674 469.428764 5.434783
41 44.741668 10.925969 0.00138 3.0 8 66.814378 9.832763 4.166667
42 44.622677 10.912607 0.00097 2.3 4 118.759368 693.007453 5.434783
43 44.651003 10.935226 0.00085 1.6 2 24.332511 803.839424 7.812500
44 44.652821 10.904157 0.00085 1.6 2 48.475881 352.787505 7.812500
45 44.625540 10.960703 0.00121 2.9 6 113.533169 501.893280 4.310345
46 44.624342 10.909513 0.00153 3.0 10 41.687781 240.276041 4.166667
47 44.611628 10.934530 0.00085 1.6 2 17.911291 141.568780 7.812500
48 44.622497 10.943233 0.00153 3.0 10 77.071614 785.990719 4.166667
49 44.627686 10.935059 0.00085 1.6 2 46.267973 958.879814 7.812500
50 44.620104 10.931738 0.00153 3.0 10 76.921588 385.533863 4.166667
51 44.640614 10.915871 0.00097 2.3 4 8.785130 802.291424 5.434783
52 44.630068 10.924922 0.00121 2.9 6 20.209065 896.118343 4.310345
53 44.656872 10.892369 0.00085 1.6 2 57.856046 648.004726 7.812500
54 44.646006 10.887044 0.00121 2.9 6 30.459701 581.232425 4.310345
55 44.638034 10.938759 0.00085 1.6 2 59.291111 198.588413 7.812500
56 44.660255 10.898333 0.00153 3.0 10 87.176671 270.297728 4.166667
57 44.625999 10.946590 0.00121 2.9 6 36.963601 31.809591 4.310345
58 44.642136 10.927896 0.00153 3.0 10 8.643669 579.905677 4.166667
59 44.631721 10.885032 0.00153 3.0 10 62.899012 878.532981 4.166667
60 44.663518 10.895345 0.00138 3.0 8 122.346829 575.875586 4.166667
61 44.635874 10.917106 0.00097 2.3 4 50.909508 477.016499 5.434783
62 44.656358 10.944253 0.00153 3.0 10 42.247412 411.462867 4.166667
63 44.631143 10.904487 0.00138 3.0 8 56.939717 631.079386 4.166667
64 44.616463 10.925836 0.00097 2.3 4 115.330797 45.627972 5.434783
65 44.542902 10.955749 0.00085 1.6 2 16.694067 300.556629 7.812500
66 44.641705 10.908636 0.00138 3.0 8 20.857772 375.906081 4.166667
67 44.649994 10.899677 0.00085 1.6 2 24.685732 757.528062 7.812500
68 44.653862 10.917182 0.00138 3.0 8 6.494878 81.661434 4.166667
69 44.640921 10.807400 0.00097 2.3 4 64.771499 830.911111 5.434783
70 44.649488 10.936277 0.00085 1.6 2 42.126822 403.063094 7.812500
71 44.635793 10.865473 0.00138 3.0 8 110.738833 815.468527 4.166667
72 44.657218 10.899983 0.00085 1.6 2 67.823408 433.857778 7.812500
73 44.666175 10.931018 0.00097 2.3 4 120.979043 169.041351 5.434783
74 44.649191 10.924138 0.00138 3.0 8 63.014626 766.505814 4.166667
75 44.639842 10.839160 0.00097 2.3 4 56.051693 112.573739 5.434783
76 44.525564 10.892628 0.00085 1.6 2 50.601959 877.919364 7.812500
77 44.703144 10.949882 0.00121 2.9 6 18.847586 609.402508 4.310345
78 44.673521 10.912881 0.00097 2.3 4 80.631640 938.690987 5.434783
79 44.586573 10.932468 0.00085 1.6 2 96.013978 988.886169 7.812500
80 44.702964 10.952230 0.00085 1.6 2 38.251882 883.162120 7.812500
81 44.628158 10.917498 0.00097 2.3 4 121.579400 807.615938 5.434783
82 44.630239 10.974414 0.00138 3.0 8 42.103189 920.059867 4.166667
83 44.632309 10.922486 0.00097 2.3 4 37.676644 645.263727 5.434783
84 44.648502 10.921246 0.00153 3.0 10 109.454432 544.127887 4.166667
85 44.577643 10.942655 0.00121 2.9 6 124.245012 735.217422 4.310345
86 44.629978 10.935538 0.00121 2.9 6 44.903800 787.218273 4.310345
87 44.666018 10.943080 0.00097 2.3 4 89.341630 763.255198 5.434783
88 44.627177 10.925131 0.00138 3.0 8 7.505925 29.496282 4.166667
89 44.661654 10.965658 0.00097 2.3 4 64.558541 623.382052 5.434783
90 44.631943 10.934245 0.00138 3.0 8 52.480943 92.521402 4.166667
91 44.640595 10.919339 0.00121 2.9 6 6.340981 450.969911 4.310345
92 44.636726 10.941892 0.00085 1.6 2 118.573324 324.882473 7.812500
93 44.637412 10.941054 0.00097 2.3 4 65.177885 614.083554 5.434783
94 44.664245 10.858545 0.00153 3.0 10 42.386554 801.139356 4.166667
95 44.643166 10.932873 0.00138 3.0 8 90.156339 870.987967 4.166667
96 44.650069 10.903798 0.00121 2.9 6 6.705000 478.903234 4.310345
97 44.631015 10.917223 0.00085 1.6 2 42.674929 236.189505 7.812500
98 44.646281 10.843797 0.00153 3.0 10 57.498163 921.315695 4.166667
99 44.651873 10.918554 0.00153 3.0 10 117.317636 551.921293 4.166667
100 44.588209 10.970924 0.00097 2.3 4 9.755292 620.979333 5.434783