# CND PCC PCN MEM STO S_d TSK
1 15.284105 6.816745 3 3.713163 43.540570 2.923689 4
2 9.712176 2.786333 3 4.951129 24.542957 6.776499 3
3 16.225740 4.711895 1 5.614691 14.382345 11.003168 3
4 13.454038 3.976172 1 3.964047 24.549258 10.067049 3
5 19.582689 3.285070 3 2.158480 19.059611 3.983658 4
6 16.022101 6.221661 1 3.892441 27.171467 10.828663 4
7 9.393607 0.655464 3 1.344241 3.090865 6.819947 1
8 3.884654 2.056987 4 0.074612 2.144502 5.325332 1
9 8.423454 4.049518 2 0.818978 24.172548 6.882234 2
10 4.359331 1.701976 1 1.570778 7.631698 7.429688 1